0	-0.8136185532283071	-0.25458091345094336	0.1361010824097748	-0.9372940010860431	-0.9022764964965457	0.2698020082555166
1	-0.6469101919081897	0.09038994003976808	0.5261603936767141	-0.8124612072974442	0.18258632684121	0.4818709333632638
2	-0.33728054416761943	-0.6372043712647166	-0.8352496380886087	0.6060266696690677	0.14482521300107498	-0.6203526938771047
3	-0.24305372539083558	-0.8826531643186757	0.6656992972364315	0.6188996380710376	-0.18229324276671321	-0.5906667596092467
4	-0.3872092163650003	-0.6154904451772256	0.15087417063386988	0.23750034561073186	0.5851514551057422	-0.7224036822875166
5	-0.6420781427907942	0.28546139787649616	0.5766309163824368	0.21189008426604627	0.2576057140421455	0.7904528853558883
6	0.7408764125346459	-0.13682667963694972	-0.8036586461303803	0.49258615239632997	0.7394158300567089	-0.012890235209071177
7	0.41558939387904315	-0.7375506032520784	-0.13614836659346818	0.47848213800374384	-0.5778604580460507	-0.9852050280660261
8	-0.00724758994020136	-0.38773302712313784	0.2780412253050566	0.7745485611139178	-0.864891743486597	0.48909598367828
9	-0.6561593650666531	0.9878990230826283	-0.7822078077882029	-0.5014460141933474	0.027849087536479633	0.995021057461422
10	-0.43434912323430197	-0.7529225210106059	0.19748595653380363	-0.16415763535411876	0.35912187654532546	0.49470539896807897
11	0.8216575541489224	-0.010168047298175775	-0.33779921507718447	-0.1436089125162241	-0.22298067610100625	0.04414342156150153
12	0.09423604501016647	0.15872869039974247	0.6745510641817936	0.7813809363548085	-0.22375071768485322	0.3589413678944313
13	0.5269229049065052	0.42880195176363345	-0.9609215461649856	0.3415946115356847	0.370318445546733	-0.4834471237675091
14	0.5912979270112142	-0.7078808554301905	-0.13641202662570961	0.4361778783183121	0.2885214294965268	-0.8709413782574817
15	0.7146464374418047	-0.987784407700862	-0.6345466905890234	-0.48108697090913166	-0.054136737389913536	-0.232250391456027
16	0.0737110836461139	-0.10658819931066521	0.8067728402273853	-0.9710692741990175	0.6939241271021954	0.5168018171929865
17	0.9753385078123782	0.6373038262668946	-0.8433964178226636	0.15667393859096967	0.33136750672307325	0.9232968428896309
18	-0.010466360190094282	-0.6809580960832435	0.9871787610669047	0.3204976643410449	0.7009110587233658	-0.7765297850584063
19	-0.9234475499221384	0.7831016617135331	0.2562227369343866	-0.6386551634743172	0.15160203387901028	-0.7451965793066555
20	-0.4005432337950867	-0.15733551073990415	-0.5372498690690135	-0.8784244783377946	-0.541176906984002	-0.09073082644925656
21	0.17234268305940148	-0.18398973358147197	0.7335405696613198	0.5961802353692087	-0.6394773830271971	-0.8841349235738389
22	0.31656242868677564	0.7996742719497363	-0.73779216628329	-0.9150260856979562	0.2301330642697743	-0.46821399507501393
23	-0.8669442711073669	-0.2785905580364678	-0.913988396750715	-0.5500376165917478	0.6384763768152304	0.7405446424886737
24	0.07269624142881859	0.12853385135654016	0.42268604860195613	0.9504429695322059	0.33679909098020744	-0.014266204049239395
25	0.6704396417961977	0.3012110166762494	0.08917696674548914	0.25529970171396177	0.7879695105558011	0.92595416599039
26	0.42940366140846065	0.7003295262438605	-0.23813645792283578	0.4292698120824383	0.5771335010877712	0.6780219137212415
27	0.5812327142903171	-0.41730560567089503	0.647926122621763	0.8355082683783537	-0.6857205740367174	-0.43712980258411904
28	0.7261486872543923	0.6785104413482994	0.003581691873915771	0.8956356636901024	0.8791886984005881	-0.07922501180258279
29	0.0933456142530531	0.9756252916841281	0.7586026750353239	-0.44346723658456333	0.09175181060023707	-0.0022618577947819407
30	0.3371152654927676	-0.2827920220538074	0.24867098566682655	-0.7385206054937905	0.4354145208811284	0.48920410291995564
31	-0.69791959292323	-0.1568077192585544	0.40402910935161174	0.028916055930073403	0.5011608940752619	0.5102714412559162
32	0.08099967896384208	-0.8516789659523356	0.04785215948444921	0.38969408708676956	0.7738283560380568	-0.03405728534606656
33	0.6321331485535608	0.19567924183043228	-0.9833874830816276	-0.8258844085905519	-0.7540807657316437	0.39291139209427817
34	0.875275055418518	-0.391347634239432	0.18530507609343916	-0.259521153543528	0.3738035525468715	-0.20284257567124842
35	-0.4235471273267726	-0.975871484951246	0.058551985468734635	-0.8889629274493036	-0.4453340598226674	-0.9807269014271651
36	-0.10383123220178914	-0.8077306794439294	0.08634510865662937	-0.09731845858905586	-0.04958904926994623	0.6005861470288245
37	0.6774860058724512	0.9254269802305637	-0.1924706339071356	0.4013620232648891	-0.0809006209316736	-0.47981187660351843
38	-0.5738536868881987	0.3990347238915797	0.49001046772804213	0.7659142372821324	0.24901002366523173	0.9116493388308353
39	-0.23189949494817141	0.78945930749007	-0.8111721323222576	-0.960977209200883	0.16272865429687045	-0.33399755987728397
40	0.769282279793895	0.141167474312341	0.3296032143842662	-0.16747499499823437	-0.6094415186396238	0.3596606587038975
41	-0.6510456523011257	0.2946981465664007	0.30996528757830344	0.7879228728950589	0.7948173420069118	-0.3312738360582741
42	-0.24955860482802672	0.9852432067221328	0.4746773108551743	0.3163595851990024	0.22091417935086066	0.9364537409747806
43	-0.15141096301138957	0.7933919224275534	0.9999634892464511	0.010340954679826764	0.8702153533989754	0.9975439502145158
44	0.254682177376371	0.7554952231120797	-0.22949725401495513	0.5372678909572224	-0.19208741199140222	0.05343143064228406
45	0.49841107046236144	0.42756302646816624	-0.39228020035428157	0.8345275028491346	-0.9096155594568505	-0.6563972310714667
46	-0.6473621227314208	0.7851740557772153	0.968021897085336	0.5003381671482852	-0.5485088601499502	0.24153582285974462
47	0.24584640043864692	-0.1255216743200065	-0.6914914896391584	-0.6516399069196195	-0.4345210329593543	-0.8235528793911637
48	0.48213322918429746	0.3308233620109007	-0.13768555956624495	-0.8480836389452129	0.40596344275576146	-0.3119025536879527
49	-0.2982294840172832	0.3145218620580281	0.847275348205021	-0.01169453544050425	-0.0011050217165151643	-0.8927416493530318
50	0.4146420490941729	-0.7521938801691204	-0.95449332082488	0.9429668001383644	0.7222385946769101	-0.9893411717739782
51	-0.9307791426398662	0.6640146508682712	-0.9301246009079991	-0.11560497809386816	-0.6288917149202089	0.001276917323250526
52	-0.6095796388646306	0.5054823518056475	-0.9213654701478002	-0.6202723226629347	-0.5266711901312551	-0.020535192586090822
53	-0.5645497779274202	-0.6535868448993594	-0.814621728867476	-0.956568647486685	0.6282945678219745	0.7945272141769413
54	0.8326879555132185	-0.6963477975486179	0.6656150352637167	0.0405790005795279	0.4008647834353414	-0.4778017417945306
55	0.901762519250789	-0.8246010092561862	-0.9120355719542914	0.5094781797292531	-0.9480248260333772	0.007444847110051223
56	0.8472630032149511	-0.36522314027188973	0.23710041272538018	-0.634517854590692	-0.028394498538222512	-0.47116513220239953
57	0.02903794014201977	-0.8087036293152206	0.1282772696458916	-0.0734206558585504	0.18206097492952655	0.30317610293985053
58	-0.8650630119851803	0.33604920298769536	-0.09076926956042963	0.980696502990388	-0.7824756566899203	0.6848694750672744
59	-0.8354335471828351	0.1214090743480023	0.6557344819822009	-0.7331746773872085	0.7047053170120563	0.5572558050831438
60	-0.10873879517361407	0.9204183431344772	0.3832522454007474	-0.6317597442188936	0.6048789875530569	-0.12816905586934757
61	0.062006425572000534	0.7541369582898365	-0.138702476242053	-0.765612178665382	-0.5881641239193425	0.11861745612587038
62	-0.3181701622564306	-0.6850777846355962	-0.6413999548046725	0.2635191617343282	0.21702369971303237	-0.03045143250413207
63	-0.2760486270765057	0.8136993537580153	-0.5768334874584897	-0.9114230856141274	-0.8159654844969559	-0.667392066395029
64	-0.21044981587343226	0.3620801153569053	-0.5395304943225434	0.5959100852913684	0.37311926000266404	-0.49846186546998994
65	0.9570630734953862	0.23906703415074815	0.8782713596553664	-0.646559756078811	-0.9249913616538727	-0.8883608885777992
66	-0.7684258232676922	-0.007612541233449788	0.9059934022740488	-0.05926941582457612	-0.7885302643857537	-0.9975886262153917
67	0.8093381367016006	-0.8455899540214205	0.5603370853139902	0.17272858717471795	-0.5268272683430291	-0.8962186491413189
68	-0.5532679395938898	0.9814054439412887	-0.23902904321588903	0.05238757826946738	0.6008791059031091	-0.8529590908120872
69	-0.40536677876656757	-0.8980463906057994	-0.7674316421906195	0.36287026961450963	-0.7497279914322956	-0.412108100700725
70	-0.7865524228927552	0.8581085911413002	0.22177051688170657	0.13993780875355988	-0.015033809622713612	-0.9280651546126293
71	0.8337431109788556	0.39908707712824465	-0.2199291514025088	0.9232634493505678	-0.5500918373364367	0.5087619412589355
72	0.422101941576442	0.41233229446661546	0.4087413701060827	0.06634392679146761	-0.7876864615213557	-0.5469187410986107
73	-0.35932952873446644	0.2428345934707088	-0.26595029792725655	0.3303306878514791	0.616820659667074	0.9508964991486253
74	-0.47576546331798863	-0.8370321431724459	0.826884898929038	-0.7208971271143534	0.5843076600345543	-0.5647537969571292
75	0.3205277863592364	-0.35554119325702116	-0.11828936763933995	0.942016461381912	0.4550579320247594	0.3534654472669845
76	-0.22432287220968639	-0.7564603911389836	-0.6174980570354689	-0.18883624797979315	0.07858727657222464	0.6246518569119006
77	-0.03776500225889845	-0.8691786577099583	-0.22543495985267925	-0.43271832593522785	0.17551062937348227	0.5764512563213491
78	0.9925019070733925	0.6737576603430677	0.902586333562801	0.6748399322387095	-0.13613777790759074	-0.6047806087193879
79	0.3435423048607942	0.11445100364651539	-0.6671405563640902	-0.4047860380056627	0.7428778025556366	-0.2620574180337736
80	-0.7857537082682722	-0.5850070038363524	-0.44057021696600507	-0.89185766138306	0.7346646019860814	0.9678817672004463
81	-0.14717934663655785	-0.11280003994403542	0.002099778072568892	-0.5292274125105141	-0.1823169939735687	-0.8306563631020556
82	-0.3006453919318117	-0.3658735465793532	0.30041796623589745	0.31155849252525236	0.12869706115319657	0.4378773161172007
83	0.5341565284229295	-0.30640788337532276	0.7853158855619577	0.7496306714607304	-0.9343739101499806	-0.20108568926006076
84	-0.11392999833292272	-0.188033117862477	-0.7671497106982554	0.5363586757674992	0.7592357737041653	0.5387010312534279
85	0.9716975988291057	-0.15728009046124924	-0.9464123121750472	-0.7900691936305915	-0.498583212492578	0.18569264547901687
86	-0.999878781120316	0.6860609060604734	-0.24697037021390256	0.4938632034296404	-0.982227649749067	-0.39338771148669816
87	-0.7426324706034215	0.9385514707353015	0.6833170933739123	-0.6200299938115863	0.17032103837960477	0.8891665356061031
88	-0.3207980529440786	0.49062789317002875	0.35978001396317083	-0.24930058484402684	0.14881258698211997	-0.5169440031092674
89	-0.5363251101598148	-0.23929195571865391	0.8006845904132369	0.5602686794187213	0.3382688505801301	0.9220340315787978
90	-0.6516654455972097	-0.6923247244755995	-0.04485842905324877	0.3493903097252167	0.9706740404128413	0.6831346193409757
91	0.9959694328405362	-0.8575548921917946	0.791902265385688	-0.8842961057413743	0.3449562503668204	-0.006356487697798174
92	-0.5229675351209124	-0.023207538353591017	0.4258343875871642	-0.5718576519588818	-0.889888688017167	0.9187552097793354
93	0.6426501129845896	0.28025135792399336	-0.14769753286067955	-0.07439533604153681	-0.037796060531197107	-0.9362855281856277
94	0.8756653692884677	-0.4876832946437859	-0.9714764135858724	-0.23247568496152682	0.3248998273526609	-0.9915750934404775
95	-0.7834251281191482	-0.554619307925686	-0.23453326320889922	-0.20720938199718075	0.6960121113367526	0.5578032151447265
96	0.9776285511025606	0.7489996516468909	0.04594137425147515	-0.7072755400586632	0.5943166264263613	-0.13982317585453563
97	0.722725212872372	0.06629666105509213	-0.6587722080710439	-0.20435281031140717	-0.2032335288709073	0.730215102333662
98	0.2936570792565256	-0.4091305048202487	0.8042488101656531	0.7639654908360849	-0.48342905732909935	-0.6266765304279835
99	-0.8184571891690156	0.6508419352136567	0.7958202837042769	-0.30756674677199314	0.07472880013514849	0.7687662620562636
